year,term,amt,profit, invetment, roi%
1996 3 10000 -34658.89 359609.66 -9.64
1997 3 10000 176087.95 359511.48 48.98
1998 3 10000 289249.33 359334.58 80.5
1999 3 10000 69433.2 359134.39 19.33
2000 3 10000 -20871.42 359059.88 -5.81
2001 3 10000 274109.36 358962.13 76.36
2002 3 10000 169030.57 358839.65 47.1
2003 3 10000 323241.62 358429.5 90.18
2004 3 10000 654663.42 357812.84 182.96
2005 3 10000 1075103.19 356309.31 301.73
2006 3 10000 -46580.9 353316.9 -13.18
2007 3 10000 31598.02 352190.33 8.97
2008 3 10000 24367.56 351624.82 6.93
2009 3 10000 -94345.03 352375.53 -26.77
2010 3 10000 -22580.58 351442.98 -6.43
2011 3 10000 19248.46 351559.33 5.48
2012 3 10000 11008.52 352478.65 3.12
2013 3 10000 36972.87 352176.57 10.5
2014 3 10000 37302.57 351792.03 10.6
2015 3 10000 245975.45 350131.05 70.25
2016 3 10000 215459.48 347105.3 62.07
